2
12
10000000
11111111
12345678
98746521
4587754
1
7485874
8888888
9999999
4512454
1073741824
446185740
892371480
1784742960
1338557220
4656960
2
12
1000000
12345676
87675612
1251562
9412
6537
123
12
3244
56342
1233
344333
98123
1
2
3
243
123999
587492939
883384584
137697878
1510924362
1092379565
1151168185
1516446402
645152473
1937357543
804548388
1441431490
351314588
1675658831
686564838
1735221838
1649110990
1472763356
1297283144
646160891
1462043134
832075914
1464768048
1823427627
1851976104
228815000
158822382
636620086
1252634424
1928142804
1490806496
419679532
1933048485
461633437
415031778
1382845677
1221712223
484691554
642709058
1246164026
300502360
1247928913
1858599739
1058008088
66956105
172061766
1062269606
1644144459
557485099
315504682
738907353
689693246
1962022601
1812413840
1778115780
1384293682
1381214620
1503412990
323793270
1912060860
1346945529
62393011
1208936545
1367178409
867983271
1359247701
1158393388
1873092694
1720778434
1106792689
190411408
183575852
688151623
120973481
1682591227
961316763
1118812002
1666259732
200772456
1103924510
1922286059
620980896
1901846066
159118836
646237496
1760806410
1550155750
1048689474
248874479
457162476
1114954909
795605412
1247653686
347616251
552033173
1215052872
502478887
1354243291
1654465567
15207075
1501534580
695062688
0
