26

1 2
1
1 2 5

1 6
2
1 2 10
2 3 10
3 4 10
4 5 10
5 6 10
6 1 10

1 6
2
1 2 10
2 3 10
3 4 10
4 5 10
5 6 10
6 1 10

1 6
2
1 2 10
2 3 10
3 4 10
4 5 10
5 6 10
6 1 10

0 4
1 2 1
3 2 1
4 2 1

3 6
2
5
4
1 2 20
2 3 10
3 4 15
4 5 20
5 6 10
6 1 10

4 6
2
3
4
5
1 2 20
2 3 10
3 4 15
4 5 20
5 6 10
6 1 10

3 6
2
5
4
1 2 20
2 3 10
3 4 15
4 5 20
5 6 10
6 1 10

4 6
2
3
4
5
1 2 20
2 3 10
3 4 15
4 5 20
5 6 10
6 1 10

3 3
1
2
3
1 2 10
2 3 10
3 1 10

0 5

0 4
1 2 10
2 3 10
2 4 10

1 2
1
1 2 5

1 6
2
1 2 10
2 3 10
3 4 10
4 5 10
5 6 10
6 1 10

1 2
1
1 2 0

2 2
1
2
1 2 10

2 2
1
2
1 2 10

0 4
1 2 10
2 3 10
2 4 10

2 7
1
4
1 2 5
1 4 30
1 3 20
2 4 45
2 5 25
3 4 15
3 6 35
5 7 10
6 7 40

1 7
2
1 2 10
2 3 10
3 4 10
4 5 10
5 6 10
6 7 10
7 1 10 

1 6
2
1 2 10
2 3 10
3 4 10
4 5 10
5 6 10
6 1 10

1 8
3
1 2 1
2 3 1
3 4 1
4 5 1
5 6 1
6 7 1
7 8 1

1 9
3
1 2 1
2 3 1
3 4 1
4 5 1
5 6 1
6 7 1
7 8 1
8 9 1

1 8
1
1 2 1
2 3 2
3 4 2
3 5 2
3 6 2
3 7 2
3 8 15

1 1
1

1 7
2
1 2 10
2 3 10
3 4 10
4 5 10
5 6 10
6 7 10
7 1 10